INFO  02:03:25,063 - Compiling source file: C:\Users\Lenovo\Desktop\Fakultet\Programski prevodioci 1\Projekat\MJCompiler\test\program.mj
INFO  02:03:25,070 - #1 program
INFO  02:03:25,070 - #17 MJProgram
INFO  02:03:25,071 - #17 int
INFO  02:03:25,071 - #17 x
INFO  02:03:25,071 - #38 ,
INFO  02:03:25,071 - #17 y
INFO  02:03:25,072 - #37 ;
INFO  02:03:25,072 - #44 {
INFO  02:03:25,072 - #13 void
INFO  02:03:25,072 - #17 main
INFO  02:03:25,072 - #40 (
INFO  02:03:25,072 - #41 )
INFO  02:03:25,072 - #44 {
INFO  02:03:25,072 - #45 }
INFO  02:03:25,073 - #45 }
